0-0,1,2;
1-0,14-1,13;
2-1,1,2;
3-1,14-0,13;
4-0,5,6;
5-0,9-1,10;
6-1,5,6;
7-1,9-0,10;
8-2,1,2;
9-2,14-3,13;
10-3,1,2;
11-3,14-2,13;
12-2,5,6;
13-2,9-3,10;
14-3,5,6;
15-3,9-2,10;
16-0,7,8;
17-0,3,4;
18-1,7,8;
19-1,3,4;
20-0,11-2,12;
21-0,16-2,15;
22-1,11-3,12;
23-1,16-3,15;
24-2,7,8;
25-2,3,4;
26-3,7,8;
27-3,3,4;
28-2,11-0,12;
29-2,16-0,15;
30-3,11-1,12;
31-3,16-1,15;
